8382740
4841396
2038145
1372522
3867569
1615044
7285281
3541993
3155436
9123682
2542365
8076709
8233694
3290962
8977132
1296702
9316915
9336435
3617282
5462205
7263507
2848240
5085988
9515375
7273955
4469827
4647728
4598857
6524109
1627916
3172043
1237486
7354155
6459431
7341247
5851048
6245520
4856511
8138600
4833737
8096117
4551919
2543287
2996974
5459996
9213197
8068042
6147643
8079457
7311323
7397971
6296107
9721595
4708032
7642119
8473055
5738446
8059588
8236301
2654876
4005005
2854969
8734645
3078089
1353105
3468854
4458814
6130305
9216338
1427565
3382153
8682074
6728733
1601554
9251358
3378328
7376378
2811523
6855847
8686126
1965484
8914496
4921231
9371150
4799025
7954775
7781060
5543249
4704561
2822370
3736658
3286118
8129006
5878917
5049137
3660197
4064735
1210448
2094272
5376366
1816125
5431172
6088526
1554558
8357915
5267892
3218934
6831821
8838350
9730825
5319351
4994180
9490882
3262845
4539192
1633505
6277770
3603310
2252788
5844380
7884509
1848533
5240663
9399691
5489977
9996534
6585514
1730944
7229015
3526553
5372729
3994397
6329609
9247384
1468520
1784638
7251870
3522522
3053736
7211091
7708869
4860317
9838196
8862377
5149381
2963581
2357684
7360933
5388081
1769710
8604311
5010652
5080498
9387391
8974386
9613905
9126939
8061081
8569976
5827634
8310358
5911324
7740135
9225915
1340535
5257835
8605197
6333067
8083631
8949442
7453840
2882168
6530228
3526794
8628438
1528223
8369440
5391831
9183086
7110726
2235508
7880571
7394700
7112352
4752392
9905489
8162547
1493192
8860469
4561382
6320312
9253768
1952007
3509999
4180185
1411222
2747392
3456279
4693030
5787828
9347975
3404953
9260598
6909917
7176734
1898057
2514200
2875757
9757615
1694785
9508254
2062302
1659355
5724505
7699559
9637512
5794775
4840475
4690130
9247349
3321311
2448082
3416086
4728457
8201861
3597236
1973903
7673876
7557425
2914371
8904889
3282228
1117190
4282161
5920834
8694486
9718261
8725518
6885958
7178888
5464753
1610298
7145799
6494532
6054810
4692695
3630780
1446137
6237395
2520903
5713705
3451150
8168628
3689855
1294181
8204863
2116405
3910207
4077736
1444618
5358483
2374530
7294973
1458577
8156281
9241120
4361717
7208753
9982304
7853257
5615242
2254903
6962402
5878748
3007339
9558950
5533791
2540580
2885760
7835955
8131117
1679707
7453957
9635546
3660369
8758561
2942392
7748051
3013234
8197000
3365990
3427989
1878814
5337613
5256522
9381177
8739933
7560900
1973538
9385644
7928223
8514898
1519395
3723488
2092378
9008289
3321670
2181581
2990992
7397013
6658276
9763112
2296250
2500754
7663773
7349933
2429332
6291536
6824027
6068286
6908168
6963020
4544294
4758842
8160192
7567077
8414110
7685411
4904495
1323423
8428899
8932900
2564747
1804013
4446860
5244318
7360448
5033015
3927203
6396483
9757939
8562511
4498277
1910412
5475857
5118044
5304775
1894905
8104035
7917646
3322275
1162785
9449874
4606552
2560135
1198469
8673925
4114733
9634362
4118243
1440588
4959569
9125419
4157048
5770999
7829255
3812340
3642931
3671495
2917694
8207097
1206442
4795542
9056642
4466269
2251600
5080247
7563159
8109295
5797587
2590725
7493542
9717356
2878415
6497892
1789331
2566666
3022289
7854697
8817162
5534850
4412084
3496336
1164348
4620182
9666547
1447272
3238069
2258722
6905923
3050811
4409887
2046145
6023103
3784033
4955205
6437985
1993567
1988846
2342952
8462458
3258127
7436224
4434428
3997052
2241588
9218059
5053226
2646986
8285959
5108746
9432979
8581042
6688804
7679397
7449757
7828286
7050397
9024547
9105787
7028780
4178509
4153189
3827066
8533370
1422814
9230186
8847225
1815856
6911615
5899137
1168814
2428485
5798796
2103640
2476086
8446877
2065226
7420966
8271476
9403229
1552954
5808976
4722406
3468144
4174210
8455811
1897008
2331491
8259830
5776347
3809295
3449814
5979167
5299169
1457290
4843479
9658886
6127500
4543071
5121620
2758287
6358155
6963654
6981579
5634677
7972052
3809873
3869601
1679077
9562033
1262891
2834637
3399910
3301914
4604728
4730068
4810162
2391069
4169685
4794389
7189169
4168164
1488879
8002100
6772412
9382945
8929886
9465275
6670304
1162024
5903463
4393863
3710537
3938791
8069164
4673711
4930845
2037836
9542370
8839276
6665773
9598795
7214988
8905852
3562980
1528968
2315587
7618286
5102377
1623489
7437222
8496909
8057466
2600102
1158708
9202266
8218309
3648085
8838125
8507416
2755033
2210553
4377790
1602501
2185859
4169928
6229057
5494097
5445228
5287942
8502752
8933392
2552466
3295041
5230006
9649920
3494417
1799566
9877248
2959782
1430086
1661767
7314104
1207731
1912143
8509490
1216533
5245827
1888478
5580757
6726189
6068099
5293290
4931588
5044095
8755079
5326556
8973092
7797584
8830408
6687309
4989311
8122357
8060134
7141030
3345112
4723147
4363509
9686678
7615655
2257675
9665553
2012675
7141227
5438454
3215921
7963005
7392301
7916067
8608274
3247445
8121590
7108495
7706091
6274182
4683172
2092991
4180436
1656799
4248933
6267952
1745439
6855092
6463879
8639442
2404475
2661624
3594002
6862274
2767459
3573615
7256067
3218161
8431269
6086414
9400395
7009063
9450903
1548237
1445437
4127921
3501982
8909178
6630244
4015795
2143187
5882684
3519272
2469941
3723599
1878140
6781699
3052135
3944981
3396542
5941607
6392267
5752149
1135941
4302853
4058129
9198135
7649688
6482188
1992839
8486001
4923169
6600192
5843259
7062712
3794244
9663474
5458641
5904646
6821602
8773090
2779003
4339694
3567406
2549607
6091785
1931286
2654687
1823039
4005261
7019063
8009429
8922292
5671701
2350113
1617628
2189501
2175624
6566407
4911122
3803891
7747876
2241051
7512227
3667867
9098945
7415843
4159303
7495002
7078869
1241617
5749792
1614037
4550697
3459421
7411436
9994360
1776415
4536400
8334004
8891629
6899934
7934681
9498022
7927059
4691752
2763870
4909492
8776614
1132725
8096963
9819183
5089175
6431313
2556609
3125607
2982654
9763634
3385984
8177610
2090185
7984197
5185820
4787534
6446610
5702555
8353966
1832661
6930400
5263904
6523450
9883394
8915756
2253991
8824400
9238866
6510384
7151398
8684431
1317391
7685369
2391452
7435683
8951989
7179011
6759475
8413707
1511432
8579510
8194354
8947064
4697515
2047462
3596395
2229547
2008638
9210473
9305445
2273207
6885003
2660333
5197325
9342667
4891271
7077946
2916713
4630301
4656362
2367819
8505491
9524276
5785972
5379573
2979807
8433676
2144087
5744507
1592500
8881145
7878055
9152414
3645651
5235729
1213683
7387808
5118535
8452731
6241172
1676059
4977953
7347298
4048710
9238538
6103330
9386888
8199818
8161506
7900098
7138772
4653103
9950065
6535097
9731475
8236498
8852050
1705984
7336129
1931557
1188143
8166823
9548898
6301562
5033196
7584467
5905957
5675538
1311326
3627603
4764338
5600556
8483813
5338106
2868782
3206022
4443923
4730141
4683008
2188106
8251996
7830716
5872684
5034373
8136136
6856773
7971758
4920954
9627095
1616777
1939793
9076424
6225959
7333043
8488895
5978221
3581704
8005487
1764042
7773972
2734623
5764340
1382849
2315985
5153357
3173920
7266082
7811650
2695407
8329102
2301838
4776206
5699764
9697453
8418394
6723458
7887109
2051594
3614258
2002973
6324723
5754129
3531921
7954996
7020430
9177432
1649824
9469758
9816893
6299438
1232185
1849498
8388442
6454096
9524939
8153989
8622102
5455930
8820121
4850634
9724137
8134836
3467323
6060947
6441847
8506266
8647626
8659936
8953863
3243588
4481604
9654346
3686193
9648085
4189480
9403429
1474705
3380181
2799954
2027694
6545730
6942896
5605719
6399539
5399080
8442909
1515609
3507513
4383383
7488356
7184467
6053468
4211929
5319000
7633518
2628749
3083380
2507476
6274039
7044404
6506133
2223974
3228934
8332477
4675300
3738230
1690591
9055896
7612712
9627928
6460523
5332915
8191920
7767826
7271000
3528572
8063699
6987957
3016196
8065159
6083322
9790062
7878994
2010555
1884574
6210255
9582634
8526114
8655066
7545393
8276165
2041176
6591311
5682288
7024476
6606547
8070526
4067576
9078209
7885867
8001391
4288745
5543865
9592852
4507910
3481129
6959078
1450226
6075170
2591148
9781167
8126920
8702116
6862241
6729495
4389155
6991198
3887825
3168106
8618429
9441568
7937009
2009187
5747826
3154591
1743324
1743382
7612959
6204081
1784215
9257465
9269999
8063532
1747303
4569167
9854837
6746294
3709991
4854401
6484545
9834162
2689789
7675236
1488838
6943960
4108166
5482601
7308274
2368112
1864367
8941692
3883760
7676573
9571341
5242974
2499628
3181579
3795646
6332868
9710255
6332833
6072053
1496243
8284882
3387152
9988224
8682339
4709496
9473023
9322927
5419116
9188718
8398620
4262989
9914919
8354104
8486796
3956261
6459631
1227249
6960441
1373660
5854386
5019616
2997597
2889694
3032833
2282252
2750218
7182197
2291374
3100917
1766382
5168535
4429844
4430089
6829421
8127078
1918168
8552105
8580392
7372132
4558337
2609901
4146668
8680902
1666273
6608326
6753130
4524264
2164923
3162931
5658468
5744445
3922059
3374142
4422381
8488000
6140755
4716501
6462522
8305021
1831961
6811380
2036411
3293819
1139989
3611470
6202860
7827672
8426621
2158571
8259065
1686737
4138598
9744175
1879729
2771025
2957356
8540541
2271493
8121814
9411559
1905001
3690548
9165151
1517630
2004963
8778184
8099898
5936034
7056642
2052106
8317370
5495595
9694166
6501222
8815422
8101764
5584231
1256097
3281234
4965252
5668606
9172698
5778779
3936418
3623094
8110337
5889789
5321298
7428562
8911561
6249325
5526591
9870224
6111375
9056122
7496136
5408677
8810401
4016433
5212240
5831046
1246992
8238645
1907070
7526656
3627150
2027205
6040916
8969592
8417845
5406191
3791147
5282332
4281254
4493319
8302938
7867019
5459603
3558201
8998850
8714893
2766501
9477947
8795557
8960935
9546294
2713453
8406878
6646870
4045031
5812153
1247256
3349671
5457140
3606988
2325042
3966258
9487507
6560109
9423559
8836503
3914414
6644368
9242356
4491747
8554422
2953727
5668363
5058849
1458005
7157661
7294980
5448519
6989170
5282020
6358407
4107804
7328531
7932292
8179516
9549364
9470153
3640831
1168668
2853850
4426572
1184213
7162842
8768302
9032335
8382841
1889114
1941706
5991283
2955308
5654165
3400208
4174042
4723328
5705049
7068614
2245618
9702375
9748316
5008951
1746398
7957038
6644398
4937489
5679864
2664861
2145498
9527574
8419278
7103229
9466812
2947016
6995239
8854783
4020181
8645888
7206846
9674490
2794659
4370547
7127767
1636067
6757283
2379298
1991890
8502617
5236763
9380959
2514121
3542055
6931018
5547992
7367183
8132227
4292001
9741938
9151740
6145806
7272032
3298417
5307287
1643827
6839999
5848088
4816428
6089915
5613604
1882759
5688675
9268670
9109913
1656975
5955133
3034615
2929596
1675545
2531387
8817625
7721453
5937810
2176264
2296321
9323767
7001330
5095999
1857625
3176421
4071190
3800144
3630417
7709918
9489005
9207251
8110374
1934784
3459179
9070325
4370561
6248123
2434079
2303011
9277955
9819627
5658542
2489278
2468369
7495728
5316948
9487789
2762556
2527010
3609953
6586847
1114133
1970984
9477235
9506030
6716961
5057266
5276623
2605007
7088463
9021788
2610397
3462594
7216019
6179461
7867499
8929072
6159929
4462503
6339435
3763477
1650238
9704302
1676279
9028158
5750100
6958189
8365231
9441202
4366811
7830866
2860419
9331088
9603915
6812399
3358915
8340907
2255292
7104017
8332160
1297683
5111400
5295992
3561117
3085621
4289212
6100846
3506409
1515836
4333408
7625440
7653246
6377911
9099459
2598475
5778725
2382026
5816875
3370262
4532907
7638322
4619884
6390939
6173822
6177330
9038527
9854388
5916759
2372763
3253882
7705006
6505729
8239498
9717725
1669708
5269109
5683638
3416309
9522054
9016076
9506917
8133746
3267456
5047917
5438861
8414723
2788704
4017452
3134824
7444362
2282289
9317221
4057181
1249170
8482125
6252772
6127656
3612168
4307196
4323920
8317978
7018359
1125292
6663116
6806595
1416007
5563961
4446014
3477603
7223511
1348815
3911928
9356775
3871782
1871332
2070620
4761369
9196063
9238707
1364922
1320420
9147701
4065830
8101977
2159216
5028725
7948042
5715174
8409523
2495095
4440742
7580277
2345028
6019148
8997426
9431966
1676188
7713620
6718255
3047641
5886159
3428646
6345999
7031163
4955176
6905170
6441808
7741162
2173360
1438278
4652919
3721078
6416495
2363767
7769923
2677679
1589971
2275589
3483519
2555378
1754677
2439297
9966749
3778820
7665774
6729490
2063524
9917800
4561092
8170610
2755267
1213350
6114850
8438049
3502837
8561800
1318375
8952185
6940601
8609271
1575587
8035496
9303372
9171558
4623305
4058336
4082111
5407613
6916746
3040933
9137976
8608428
9994456
4393474
3510987
3423582
7794588
6974719
7335886
9114485
6494548
3169471
2869395
9146638
6972258
3620635
2835101
4211621
5757411
7066856
7157190
8825114
1287684
7964575
3127458
5300397
5061408
3206998
4645175
4676726
2846776
8619981
3494368
3158310
7864587
1516463
6683475
4333127
1825431
8908737
7896882
9737547
8726894
2072644
2534943
1458639
7741752
6916452
3953992
9169189
9541946
9781624
6247956
7896266
1286840
2926318
5495746
3677698
2803064
1144236
9239902
6699036
3034082
8366039
5532914
9617483
5465587
4731880
6951043
2040658
5003592
2395168
2713111
4654479
8682759
3947362
4257531
6435538
4990280
8255018
4477652
9906019
1959158
7421040
3816447
9131313
8796153
5829966
1580819
9919165
3884448
6247756
6155222
5245771
9406428
6212590
6720815
9846424
8090110
1496208
9947299
8740514
4947216
2175441
2850262
9923210
4264921
5577211
4968084
2133254
9113577
2318401
4946949
9322084
9405436
2030802
3879563
9992410
8234836
1678244
8882131
4773874
7167886
8997996
5551995
7607719
4332118
3955828
9478354
3296725
3859568
8469098
8581416
9263010
4035279
7403544
1787531
7105163
5420636
9099177
8232877
1458453
9488835
2545583
8561713
8766890
3076066
6644809
2900370
4606434
1257766
5416634
6650000
3071885
4602823
4088950
3601264
3540011
7474013
5126411
6678522
2332563
3873931
8530945
8494034
4792759
2585332
1416239
1984077
8475301
7302479
9449695
4465946
2831152
5502898
4649603
6717572
7390717
8501273
5570151
9959066
4707725
4140772
9257893
2747580
1431600
8349911
5746570
3833547
1227609
7967525
4822129
3331139
2862566
2948937
2765902
3480414
1863027
4026878
6291331
9510998
9909282
1526347
9061039
3330647
3817011
8512640
5208985
9833545
9848388
7816550
9918849
1726837
5914222
9754609
3641953
2514257
8177577
9272968
1366012
9198691
8564406
1999747
2446775
7919718
2545036
5991180
1948816
1865241
9158491
9113883
3268635
3444552
2026971
4045028
8699946
3651060
6513879
4026401
3517304
6473979
7113938
1748581
1628218
2304914
2388653
4922911
9195625
6521747
4884526
3650328
6988759
4374762
1401145
6981605
2481662
6007167
1297242
1291326
6282240
8717284
8093095
4210752
4659698
6940270
1326943
9296394
6194687
8589387
9654041
1748606
1179283
5890580
6335151
7230074
4615656
4882132
2360098
7980954
7998162
4376184
9655661
8983655
1874873
4569216
2144839
2561385
6736156
2834859
7963642
4437043
8810931
7124404
5850366
7722352
3295431
6899899
1253207
2472191
4179104
5623589
6049221
5728882
7393618
6721876
5599041
6678686
8835035
7204655
4812026
7280789
3545021
3904723
4381311
3080458
4712791
7397456
2744837
8823606
1263670
7156818
3990928
5442291
7894782
3675434
1864977
8883107
4050438
1324129
9688932
5454197
4168074
3182404
3843813
9291131
7826578
3336770
4042167
3487437
9607229
8615608
7774539
1644156
2693453
7341072
9982970
4216623
3914695
5912446
8799692
3375883
4738145
5784450
2891024
3517479
6379626
9265703
8993404
5908086
3510932
1519727
5227314
1900756
6426007
9719469
5795425
5472383
1916546
4396470
6188396
6693421
3376991
2980511
2185231
6928719
8710358
8169956
7844859
4637213
8150589
2230599
8634528
6310840
9154455
7916641
2329640
5546388
6515010
8193583
7580853
2489051
1803530
5874037
3302223
7977592
3350948
2226131
3935621
8786932
9417148
1668409
6880826
2175906
4705504
6621374
7186388
7628811
9635211
5577181
3534675
7403816
1981668
5496161
7943683
6517506
3719768
3326259
7706541
7425363
8820020
2245755
2765483
7081637
7065633
2542200
5324559
7974930
5431739
5122905
5198436
8071465
4405237
7545197
5316182
2055977
9042861
6784713
5311638
9252087
5639106
7541023
2685409
4566451
4631365
7830823
4694628
7556248
6572433
3021170
2832905
2459070
6208420
5526777
6174421
4591786
2012896
7599668
8220443
2526840
4361842
4496220
1622642
2837779
5246124
3979322
8339124
5999742
6545354
6909691
2730688
3058029
6511968
5761037
1925741
2049147
8768220
4469636
8327022
5737317
5222080
3175224
3343533
7105778
1369013
3731619
6669423
